1.002000e+03 6.110000e+02 
9.520000e+02 594 
9.300000e+02 579 
9.150000e+02 563 
9.050000e+02 546 
8.970000e+02 529 
8.800000e+02 4.540000e+02 
8.570000e+02 417 
8.410000e+02 4.030000e+02 
8.180000e+02 396 
8.000000e+02 4.000000e+02 
7.810000e+02 4.310000e+02 
7.600000e+02 4.470000e+02 
6.890000e+02 4.230000e+02 
6.730000e+02 411 
6.570000e+02 394 
6.390000e+02 391 
6.150000e+02 3.970000e+02 
5.920000e+02 415 
5.630000e+02 4.460000e+02 
5.580000e+02 4.620000e+02 
5.550000e+02 4.780000e+02 
5.630000e+02 4.990000e+02 
5.770000e+02 513 
6.080000e+02 533 
6.140000e+02 545 
6.140000e+02 559 
5.860000e+02 6.140000e+02 
5.850000e+02 6.310000e+02 
5.960000e+02 6.480000e+02 
6.130000e+02 6.590000e+02 
6.440000e+02 6.730000e+02 
6.600000e+02 6.860000e+02 
6.600000e+02 6.990000e+02 
6.490000e+02 7.000000e+02 
6.370000e+02 6.850000e+02 
6.050000e+02 6.710000e+02 
5.900000e+02 6.740000e+02 
530 7.310000e+02 
511 7.390000e+02 
486 7.400000e+02 
461 7.350000e+02 
451 7.230000e+02 
449 7.090000e+02 
458 6.900000e+02 
533 600 
539 583 
539 570 
532 560 
5.080000e+02 550 
451 555 
436 547 
425 528 
413 514 
380 4.960000e+02 
366 4.800000e+02 
361 466 
372 4.520000e+02 
415 4.560000e+02 
436 444 
436 4.280000e+02 
427 416 
394 4.020000e+02 
369 4.000000e+02 
3.330000e+02 414 
2.990000e+02 4.460000e+02 
2.820000e+02 4.760000e+02 
2.860000e+02 490 
2.980000e+02 4.960000e+02 
3.250000e+02 4.880000e+02 
3.340000e+02 4.980000e+02 
3.330000e+02 529 
3.450000e+02 546 
364 564 
385 603 
386 6.150000e+02 
372 6.120000e+02 
3.520000e+02 573 
3.320000e+02 566 
2.680000e+02 591 
2.370000e+02 590 
2.230000e+02 584 
2.100000e+02 569 
1.930000e+02 528 
1.830000e+02 4.890000e+02 
1.880000e+02 420 
1.860000e+02 393 
1.810000e+02 374 
1.760000e+02 310 
1.730000e+02 298 
1.430000e+02 264 
1.370000e+02 2.500000e+02 
1.400000e+02 2.260000e+02 
1.580000e+02 195 
1.640000e+02 171 
1.830000e+02 156 
2.120000e+02 148 
2.380000e+02 1.110000e+02 
2.560000e+02 8.900000e+01 
2.610000e+02 5.500000e+01 
2.720000e+02 3.800000e+01 
3.040000e+02 2.700000e+01 
3.130000e+02 1.600000e+01 
3.040000e+02 6.000000e+00 
2.620000e+02 2.200000e+01 
2.490000e+02 3.200000e+01 
1.940000e+02 1.060000e+02 
1.130000e+02 129 
1.000000e+02 137 
8.800000e+01 166 
3.300000e+01 2.240000e+02 
3.000000e+01 2.380000e+02 
3.800000e+01 263 
6.300000e+01 296 
7.000000e+01 318 
4.700000e+01 355 
4.200000e+01 373 
5.300000e+01 4.270000e+02 
4.600000e+01 445 
3.000000e+01 4.500000e+02 
