5.080216e+002 6.839400e+001 
5.036764e+002 9.446529e+001 
5.015038e+002 1.216229e+002 
5.036764e+002 1.781107e+002 
5.036764e+002 2.183039e+002 
5.025901e+002 2.508931e+002 
5.015038e+002 2.682739e+002 
5.015038e+002 290 
5.004174e+002 3.182439e+002 
4.982448e+002 3.508330e+002 
4.971585e+002 3.714728e+002 
4.982448e+002 4.051482e+002 
4.873818e+002 4.149250e+002 
4.634831e+002 4.247017e+002 
4.048227e+002 4.518593e+002 
3.896144e+002 4.583771e+002 
3.711473e+002 4.681538e+002 
3.168321e+002 4.855347e+002 
2.581717e+002 5.126923e+002 
1.973386e+002 5.159512e+002 
1.734400e+002 5.235553e+002 
1.267289e+002 5.474540e+002 
6.046435e+001 5.507129e+002 
2.244371e+001 5.474540e+002 
