5.156257e+002 4.884053e+001 1
4.721735e+002 6.078987e+001 1
5.384381e+002 8.360225e+001 1
4.808640e+002 1.205366e+002 2
4.786914e+002 1.791970e+002 3
5.384381e+002 1.781107e+002 3
4.862955e+002 2.204765e+002 4
5.362655e+002 2.498068e+002 5
4.776051e+002 2.650150e+002 6
4.678283e+002 2.943452e+002 7
5.330066e+002 2.910863e+002 7
5.330066e+002 3.193302e+002 8
5.286614e+002 3.638687e+002 9
4.906407e+002 3.747317e+002 10
5.264887e+002 4.170976e+002 11
4.993311e+002 4.355647e+002 11
4.993311e+002 4.355647e+002 12
3.852692e+002 4.431689e+002 13
3.852692e+002 4.431689e+002 14
3.830966e+002 4.247017e+002 0
3.917871e+002 4.724991e+002 13
3.917871e+002 4.724991e+002 14
3.939597e+002 4.844484e+002 0
1.995113e+002 4.844484e+002 15
1.897345e+002 5.463677e+002 15
4.742871e+001 5.409362e+002 16
3.113415e+001 5.409362e+002 0
4.851501e+001 5.583171e+002 16
3.222045e+001 5.583171e+002 0
2.896154e+001 5.192101e+002 17
2.353002e+001 5.767842e+002 17
1.803940e+000 5.463677e+002 17
