1.325000e+01 1.145000e+02 
5.547500e+02 11 
7.002500e+02 9.500000e+00 
1.079750e+03 9.500000e+00 
1.364750e+03 9.500000e+00 
1.666250e+03 5.645000e+02 
1.463750e+03 1157 
1.187750e+03 1.155500e+03 
8.997500e+02 1157 
7.377500e+02 1.155500e+03 
5.487500e+02 1.155500e+03 
7.317500e+02 8.015000e+02 
7.287500e+02 581 
7.287500e+02 353 
6.882500e+02 419 
6.117500e+02 7.235000e+02 
9.312500e+02 5.795000e+02 
1.160750e+03 575 
1.508750e+03 5.675000e+02 
1.127750e+03 3.335000e+02 
1.103750e+03 152 
1.204250e+03 929 
1.423250e+03 1.415000e+02 
1.484750e+03 9.065000e+02 
