8.200000e+01 2.145000e+02 
1.790000e+02 2.135000e+02 
1.520000e+02 3.585000e+02 
1.130000e+02 3.585000e+02 
2.400000e+02 2.195000e+02 
2.620000e+02 2.255000e+02 
2.310000e+02 4.045000e+02 
1.740000e+02 3.875000e+02 
2.920000e+02 3.395000e+02 
3.080000e+02 4.795000e+02 
3.090000e+02 6.835000e+02 
2.880000e+02 6.835000e+02 
3.600000e+02 1.250000e+01 
529 1.250000e+01 
556 1.865000e+02 
3.680000e+02 1.895000e+02 
3.610000e+02 2.225000e+02 
569 2.225000e+02 
571 3.265000e+02 
3.600000e+02 3.255000e+02 
3.610000e+02 3.745000e+02 
4.200000e+02 3.755000e+02 
4.200000e+02 6.845000e+02 
3.610000e+02 6.835000e+02 
4.680000e+02 3.745000e+02 
582 3.745000e+02 
582 6.835000e+02 
467 6.855000e+02 
575 1.150000e+01 
709 1.250000e+01 
729 6.450000e+01 
575 6.450000e+01 
589 9.950000e+01 
750 9.950000e+01 
7.910000e+02 3.215000e+02 
623 3.235000e+02 
622 3.635000e+02 
7.910000e+02 3.615000e+02 
7.760000e+02 5.295000e+02 
640 5.305000e+02 
649 5.705000e+02 
7.710000e+02 5.685000e+02 
7.630000e+02 6.845000e+02 
649 6.845000e+02 
