6.072500e+02 7.055000e+02 
6.027500e+02 6.815000e+02 
5.997500e+02 656 
5.967500e+02 638 
6.012500e+02 6.155000e+02 
6.027500e+02 590 
6.072500e+02 563 
6.087500e+02 5.435000e+02 
6.162500e+02 521 
6.222500e+02 500 
6.282500e+02 4.805000e+02 
6.312500e+02 461 
6.267500e+02 4.445000e+02 
6.252500e+02 422 
6.282500e+02 398 
6.297500e+02 374 
6.252500e+02 3.560000e+02 
6.207500e+02 3.380000e+02 
6.162500e+02 326 
6.087500e+02 3.125000e+02 
5.967500e+02 308 
5.847500e+02 3.155000e+02 
5.772500e+02 3.275000e+02 
5.667500e+02 3.395000e+02 
5.547500e+02 3.575000e+02 
5.472500e+02 371 
5.397500e+02 3.905000e+02 
5.322500e+02 407 
5.247500e+02 4.265000e+02 
5.097500e+02 4.445000e+02 
4.992500e+02 4.625000e+02 
4.872500e+02 4.805000e+02 
4.737500e+02 497 
4.617500e+02 515 
4.512500e+02 533 
4.392500e+02 5.525000e+02 
4.287500e+02 5.765000e+02 
4.242500e+02 596 
4.212500e+02 617 
4.182500e+02 6.410000e+02 
4.002500e+02 650 
3.717500e+02 6.545000e+02 
3.402500e+02 653 
3.237500e+02 6.410000e+02 
3.072500e+02 611 
3.027500e+02 5.825000e+02 
3.012500e+02 557 
2.937500e+02 530 
2.847500e+02 5.105000e+02 
2.787500e+02 4.955000e+02 
2.622500e+02 464 
2.382500e+02 4.355000e+02 
2.157500e+02 404 
1.917500e+02 3.725000e+02 
1.752500e+02 344 
1.497500e+02 308 
1.257500e+02 272 
1.047500e+02 242 
8.525000e+01 2.165000e+02 
6.575000e+01 1.895000e+02 
5.225000e+01 1.700000e+02 
4.025000e+01 1.505000e+02 
